[inner-north,innernorth,inner-north-region,innernorth-region]
-35.2318089, 149.1235256
-35.2321594, 149.1186333
-35.2362256, 149.1166592
-35.2406421, 149.112196
-35.2495444, 149.1098785
-35.2520677, 149.106617
-35.2528387, 149.0975189
-35.2583056, 149.0897942
-35.2651036, 149.0865326
-35.2715507, 149.0891075
-35.2781025, 149.0870261
-35.2809051, 149.0862321
-35.2858096, 149.0882063
-35.2878256, 149.0892145
-35.2868255, 149.0907383
-35.2857746, 149.0985489
-35.2915194, 149.0976906
-35.2942165, 149.0976906
-35.2982534, 149.0978086
-35.2988751, 149.1019821
-35.2961431, 149.1071749
-35.2976842, 149.114213
-35.2969136, 149.1223669
-35.2943217, 149.1246843
-35.2946369, 149.1310787
-35.2986299, 149.1382027
-35.3037785, 149.1409492
-35.3083314, 149.1418505
-35.3096271, 149.1492748
-35.3050743, 149.1524076
-35.3034633, 149.1548109
-35.301537, 149.159317
-35.3047591, 149.1622782
-35.3049693, 149.1643381
-35.3063701, 149.1666985
-35.304514, 149.1695309
-35.3028679, 149.1706038
-35.3020186, 149.1735757
-35.3040237, 149.1761827
-35.3091719, 149.1745949
-35.312954, 149.1784143
-35.3140746, 149.1780281
-35.3152653, 149.1759682
-35.3191872, 149.1778564
-35.3196774, 149.1847229
-35.3217083, 149.1927052
-35.3217171, 149.1959024
-35.3204653, 149.201417
-35.3178566, 149.2063952
-35.3088917, 149.2251706
-35.2968697, 149.2125203
-35.2934283, 149.2070591
-35.2855644, 149.1962242
-35.282166, 149.1954947
-35.2770334, 149.1964824
-35.2658393, 149.198456
-35.254661, 149.1908598
-35.239871, 149.1971255
-35.2363658, 149.1989708
-35.231423, 149.1981769
-35.2261996, 149.1972113
-35.2177158, 149.1955376
-35.2137188, 149.1869545
-35.2196792, 149.1777706
-35.2240966, 149.164381
-35.2222033, 149.1451549
-35.225569, 149.14361
-35.2283033, 149.144125
-35.2287941, 149.1394043
-35.2357349, 149.1306496
-35.2318089, 149.1235256
[belconnen-region,belconnenregion]
-35.213228, 148.9708328
-35.2330708, 148.9880848
-35.2339124, 148.9937926
-35.2335619, 148.9991571
-35.2306871, 149.0074825
-35.2339822, 149.018383
-35.2435862, 149.0250349
-35.2544508, 149.024992
-35.2589012, 149.0267084
-35.2663651, 149.031601
-35.2710602, 149.0362358
-35.2701492, 149.0535736
-35.2773667, 149.0720272
-35.2809402, 149.0863609
-35.2715507, 149.0891075
-35.2651036, 149.0865326
-35.2583056, 149.0897942
-35.2528387, 149.0975189
-35.2520677, 149.106617
-35.2495444, 149.1098785
-35.2406421, 149.112196
-35.2362256, 149.1166592
-35.2321594, 149.1186333
-35.2318089, 149.1235256
-35.223746, 149.1232681
-35.2161205, 149.1157794
-35.2101073, 149.1085052
-35.2066535, 149.1023899
-35.2009311, 149.0927016
-35.1993421, 149.0829277
-35.1882247, 149.0718555
-35.1544422, 149.0296269
-35.1492491, 149.017868
-35.1651743, 149.007573
-35.1858707, 149.0178773
-35.213228, 148.9708328
[inner-south,innersouth,innersouth-region,inner-south-region]
-35.2863175, 149.0949226
-35.2868255, 149.0907383
-35.2878256, 149.0892145
-35.2906345, 149.0868063
-35.2929118, 149.0856207
-35.294847, 149.0849662
-35.2968962, 149.0835071
-35.2974749, 149.0827
-35.2976492, 149.0811682
-35.2974805, 149.0790753
-35.2954737, 149.0780213
-35.2938171, 149.0779973
-35.2965866, 149.075497
-35.2948821, 149.0712976
-35.3025877, 149.064045
-35.3138295, 149.0626287
-35.3070005, 149.0746236
-35.3127965, 149.082563
-35.3141097, 149.0972829
-35.314775, 149.093914
-35.316631, 149.0910816
-35.3196074, 149.0894508
-35.3266804, 149.0873909
-35.3269605, 149.1090631
-35.3317922, 149.1147709
-35.3462417, 149.1167879
-35.3487358, 149.1223454
-35.3493133, 149.1215515
-35.3499784, 149.1215945
-35.3496458, 149.1178608
-35.3581163, 149.1210577
-35.3827523, 149.1269159
-35.3663055, 149.1747885
-35.3421373, 149.1642737
-35.3399493, 149.1760111
-35.3423998, 149.184165
-35.3300416, 149.1930485
-35.3192572, 149.1868687
-35.3176465, 149.1778135
-35.312954, 149.1784143
-35.3091719, 149.1745949
-35.3040237, 149.1761827
-35.3020186, 149.1735757
-35.3026227, 149.1708183
-35.3048992, 149.1691446
-35.3063701, 149.1666985
-35.3049693, 149.1643381
-35.3047591, 149.1622782
-35.301537, 149.159317
-35.3024126, 149.1564846
-35.3037785, 149.1540813
-35.3044789, 149.1528797
-35.3096271, 149.1492748
-35.3083314, 149.1418505
-35.304514, 149.1412926
-35.2989802, 149.1387606
-35.2944968, 149.1313362
-35.2940414, 149.1245127
-35.2964583, 149.1218519
-35.2972989, 149.11829
-35.2956176, 149.1069603
-35.2981746, 149.0981197
-35.2881391, 149.098227
-35.2857746, 149.0985489
-35.2863175, 149.0949226
[gungahlin-region,gungahlinregion]
-35.240572, 149.1364431
-35.2272517, 149.1563988
-35.2205579, 149.1779481
-35.2202341, 149.2014234
-35.2077647, 149.2032039
-35.2053933, 149.2011647
-35.2016009, 149.1968122
-35.2016685, 149.1906879
-35.1983695, 149.1924601
-35.1935274, 149.1926875
-35.1917715, 149.1980646
-35.1851734, 149.1992055
-35.1750679, 149.1910768
-35.1632785, 149.1898159
-35.1569636, 149.1796299
-35.1577364, 149.1699032
-35.1400165, 149.1658991
-35.1424575, 149.1519649
-35.1381328, 149.1514351
-35.1327769, 149.1462356
-35.1336676, 149.1418934
-35.126671, 149.1391033
-35.125009, 149.13228
-35.1233681, 149.1179482
-35.1390521, 149.0904826
-35.1366157, 149.0467071
-35.1467225, 149.0201855
-35.1791402, 149.0601825
-35.188479, 149.0717255
-35.1993421, 149.0829277
-35.2009311, 149.0927016
-35.2054613, 149.1001153
-35.2101073, 149.1085052
-35.213789, 149.1129684
-35.2195039, 149.1184831
-35.2318089, 149.1235256
-35.240572, 149.1364431
[queanbeyan,quenbeyan-region,queanbeyanregion]
-35.3371137, 149.1878557
-35.3438613, 149.1818474
-35.3455679, 149.1846366
-35.3446052, 149.2004725
-35.3462766, 149.2057834
-35.351886, 149.2018246
-35.3571362, 149.1979408
-35.3777747, 149.1412923
-35.4076863, 149.1459702
-35.4338199, 149.1433525
-35.4441738, 149.1472151
-35.4511616, 149.1972541
-35.4605255, 149.2043773
-35.4712956, 149.2190552
-35.4704568, 149.245491
-35.4634663, 149.2506408
-35.4422115, 149.2478943
-35.4075206, 149.265747
-35.371135, 149.2674637
-35.3350742, 149.2695206
-35.3113431, 149.2465211
-35.3088917, 149.2251706
-35.3202377, 149.2010737
-35.3279844, 149.1935642
-35.3371137, 149.1878557
[tuggeranong,tuggeranongregion,tuggeranong-region]
-35.3704435, 149.0496683
-35.3717382, 149.0361929
-35.377652, 149.0365791
-35.3810111, 149.0413856
-35.3868191, 149.0320301
-35.3912274, 149.0284252
-35.396475, 149.031515
-35.3983641, 149.0383815
-35.4034014, 149.0555048
-35.4071791, 149.0542172
-35.4127055, 149.0541743
-35.4195605, 149.0549468
-35.4220086, 149.052329
-35.4262926, 149.0520285
-35.4277088, 149.0545177
-35.4281112, 149.0617701
-35.4313545, 149.0642806
-35.4342698, 149.0681538
-35.4338982, 149.0704822
-35.4361186, 149.0757822
-35.4349122, 149.0793657
-35.4385836, 149.084258
-35.4405066, 149.0805244
-35.4466251, 149.0778636
-35.450519, 149.0777564
-35.4489591, 149.071641
-35.4535388, 149.0731859
-35.456759, 149.0751815
-35.4591402, 149.0742588
-35.4635096, 149.0749883
-35.4748339, 149.0845155
-35.4784336, 149.0888929
-35.481011, 149.0961776
-35.481072, 149.101746
-35.4797528, 149.1048467
-35.4778744, 149.1058873
-35.4736805, 149.1079472
-35.469836, 149.1177319
-35.4641654, 149.1158868
-35.4612467, 149.1231394
-35.4633964, 149.1231824
-35.4626357, 149.1251134
-35.4588522, 149.1250705
-35.4570601, 149.1297484
-35.4517292, 149.1311644
-35.4477787, 149.1324305
-35.4442477, 149.1314649
-35.4394401, 149.1311
-35.4344926, 149.1290187
-35.4321498, 149.132452
-35.4278662, 149.1385463
-35.4255844, 149.1416791
-35.422743, 149.14361
-35.4187386, 149.1451549
-35.4147341, 149.1453265
-35.4076863, 149.1459702
-35.4016873, 149.1457557
-35.3868892, 149.1438246
-35.3828743, 149.1429876
-35.3777747, 149.1412923
-35.379708, 149.1345335
-35.3827523, 149.1269159
-35.383242, 149.1228819
-35.3835852, 149.1211546
-35.385223, 149.1186548
-35.3850614, 149.1163158
-35.3853497, 149.113462
-35.387099, 149.1069174
-35.3848598, 149.1019391
-35.3833553, 149.0998041
-35.3800668, 149.0950513
-35.3793274, 149.0940642
-35.3788333, 149.0932274
-35.3788417, 149.0919935
-35.3789116, 149.0881955
-35.3789816, 149.0821874
-35.3783956, 149.0796286
-35.378798, 149.0780997
-35.3770309, 149.0725958
-35.3735666, 149.0694736
-35.3712833, 149.0668344
-35.3676792, 149.0616952
-35.3704435, 149.0496683
[weston-region,wodenweston,woden-weston,woden-weston-region]
-35.3138295,149.0626287
-35.3191872,149.0472651
-35.3098723,149.047823
-35.3092769,149.0398836
-35.3131991,149.0269232
-35.3300766,149.0254641
-35.3373237,149.0257215
-35.3439751,149.0257645
-35.351396,149.0193272
-35.3672856,149.0411282
-35.3678455,149.0612125
-35.3621761,149.0678215
-35.3532861,149.0705681
-35.3478256,149.0710831
-35.338444,149.0663624
-35.3300416,149.0644741
-35.3240894,149.0649033
-35.3138295,149.0626287
[woden,woden-region,woden-weston,wodenweston,woden-weston-region]
-35.3586062,149.0689373
-35.3643459,149.0749454
-35.3716249,149.0800953
-35.3790433,149.0807819
-35.3788333,149.0932274
-35.3850614,149.1049862
-35.3850614,149.1163158
-35.3816326,149.1251564
-35.363296,149.1231823
-35.3462855,149.1182041
-35.3308819,149.115715
-35.3262602,149.1097069
-35.3259101,149.0885067
-35.3165259,149.0921974
-35.3139346,149.0980339
-35.3118334,149.0861893
-35.3134443,149.0789795
-35.316666,149.069109
-35.3203778,149.0631866
-35.3242995,149.06353
-35.3318622,149.0629292
-35.3391442,149.0648174
-35.3482457,149.0698814
-35.3532861,149.0705681